20170625,0,2155,13.0,165,15
20170625,1,590,11.0,50,14
20170625,2,970,11.0,85,13
20170625,3,1850,12.0,145,18
20170625,4,2015,13.0,155,17
20170625,5,695,11.0,60,13
20170625,6,49115,72.0,675,878
20170625,7,1840,12.0,145,16
20170625,8,990,13.0,75,17
20170625,9,1520,12.0,120,17
20170625,10,2205,12.0,175,16
20170625,11,4005,13.0,290,19
20170625,12,4270,13.0,315,21
20170625,13,4420,13.0,340,17
20170625,14,7360,13.0,560,20
20170625,15,6710,13.0,510,19
20170625,16,56510,50.0,1115,765
20170625,17,11335,15.0,740,24
20170625,18,10910,15.0,695,29
20170625,19,7550,13.0,550,25
20170625,20,9025,15.0,595,28
20170625,21,5810,14.0,390,29
20170625,22,8995,15.0,575,36
20170625,23,9065,15.0,575,31
20170625,24,12080,17.0,710,35
20170625,25,10420,17.0,610,37
20170625,26,42105,63.0,665,890
20170625,27,1905,12.0,155,18
20170625,28,1640,12.0,135,14
20170625,29,2640,12.0,215,17
20170625,30,1675,12.0,135,17
20170625,31,1975,13.0,145,22
20170625,32,1425,12.0,115,14
20170625,33,1385,12.0,115,16
20170625,34,470,11.0,40,13
20170625,35,1675,11.0,140,14
20170625,36,47825,75.0,635,764
20170625,37,180,12.0,15,12
20170625,38,470,11.0,40,13
20170625,39,275,11.0,25,11
20170625,40,500,12.0,40,21
20170625,41,405,11.0,35,12
20170625,42,165,11.0,15,11
20170625,43,275,11.0,25,11
20170625,44,940,11.0,80,13
20170625,45,805,11.0,70,14
20170625,46,44165,65.0,670,878
20170625,47,530,11.0,45,14
20170625,48,1850,12.0,145,15
20170625,49,1475,12.0,120,19
20170625,50,1170,11.0,100,14
20170625,51,980,11.0,85,13
20170625,52,110,11.0,10,11
20170625,53,2220,12.0,185,14
20170625,54,305,12.0,25,13
20170625,55,225,11.0,20,12
20170625,56,51530,69.0,745,765
20170625,57,55,11.0,5,11
20170625,58,555,11.0,50,12
20170625,59,695,11.0,60,13
20170625,60,650,11.0,55,13
20170625,61,1040,11.0,90,13
20170625,62,1855,11.0,155,15
20170625,63,1195,13.0,90,16
20170625,64,1790,13.0,130,17
20170625,65,1815,12.0,140,17
20170625,66,42670,69.0,610,661
20170625,67,3140,13.0,240,20
20170625,68,3850,13.0,285,25
20170625,69,6695,14.0,460,25
20170625,70,9885,15.0,645,31
20170625,71,12280,16.0,730,34
20170625,72,6990,15.0,455,31
20170625,73,10405,15.0,670,33
20170625,74,8545,16.0,525,30
20170625,75,9450,15.0,600,35
20170625,76,50780,60.0,835,764
20170625,77,4890,14.0,345,24
20170625,78,5455,15.0,360,22
20170625,79,750,11.0,65,14
20170625,80,330,13.0,25,14
20170625,81,550,11.0,50,11
20170625,82,405,11.0,35,12
20170625,83,2050,12.0,170,14
20170625,84,3615,12.0,280,16
20170625,85,1545,12.0,125,15
20170625,86,45850,53.0,855,624
20170625,87,2180,12.0,175,15
20170625,88,3005,12.0,235,17
20170625,89,1165,12.0,95,14
20170625,90,1285,12.0,100,16
20170625,91,415,11.0,35,14
20170625,92,850,13.0,65,16
20170625,93,1215,12.0,95,15
20170625,94,675,11.0,60,12
20170625,95,460,11.0,40,13
20170625,96,49285,73.0,670,765
20170625,97,595,11.0,50,14
20170625,98,60,12.0,5,12
20170625,99,565,11.0,50,13
20170625,100,170,11.0,15,12
20170625,101,1125,14.0,80,19
20170625,102,1415,12.0,115,16
20170625,103,675,12.0,55,13
20170625,104,445,11.0,40,12
20170625,105,345,11.0,30,12
20170625,106,40340,58.0,685,638
20170625,107,1990,12.0,160,16
20170625,108,1950,11.0,165,14
20170625,109,3690,12.0,290,16
20170625,110,5765,13.0,425,24
20170625,111,4150,12.0,320,19
20170625,112,5980,14.0,415,23
20170625,113,6710,13.0,495,25
20170625,114,9825,15.0,650,26
20170625,115,18300,18.0,1010,35
20170625,116,53965,53.0,1000,767
20170625,117,10555,16.0,650,41
20170625,118,13165,17.0,765,36
20170625,119,10595,17.0,610,39
20170625,120,7175,17.0,415,49
20170625,121,13610,19.0,685,42
20170625,122,15820,19.0,810,53
20170625,123,16680,20.0,820,63
20170625,124,14685,20.0,705,42
20170625,125,10685,18.0,590,42
20170625,126,51930,52.0,990,634
20170625,127,3895,13.0,285,24
20170625,128,7430,15.0,485,28
20170625,129,3475,14.0,235,28
20170625,130,6800,14.0,480,28
20170625,131,2210,13.0,165,19
20170625,132,3490,12.0,270,18
20170625,133,635,11.0,55,13
20170625,134,1090,11.0,95,13
20170625,135,415,11.0,35,13
20170625,136,45765,72.0,630,761
20170625,137,520,11.0,45,13
20170625,138,110,11.0,10,11
20170625,139,1060,11.0,90,14
20170625,140,55,11.0,5,11
20170625,141,650,11.0,55,13
20170625,142,765,11.0,65,14
20170625,143,625,11.0,55,13
20170625,144,850,12.0,70,13
20170625,145,980,11.0,85,15
20170625,146,41055,58.0,705,636
20170625,147,1265,12.0,100,16
20170625,148,1425,11.0,120,14
20170625,149,2435,12.0,200,14
20170625,150,1150,12.0,90,17
20170625,151,1405,11.0,120,13
20170625,152,985,11.0,85,12
20170625,153,885,11.0,75,13
20170625,154,810,11.0,70,14
20170625,155,285,11.0,25,12
20170625,156,49860,72.0,690,765
20170625,157,350,11.0,30,12
20170625,158,290,11.0,25,12
20170625,160,220,11.0,20,11
20170625,161,275,11.0,25,11
20170625,162,730,12.0,60,14
20170625,163,630,11.0,55,12
20170625,164,1110,11.0,95,13
20170625,165,1775,12.0,145,15
20170625,166,49395,73.0,670,879
20170625,167,630,11.0,55,13
20170625,168,450,11.0,40,12
20170625,169,1595,11.0,135,14
20170625,170,300,12.0,25,15
20170625,171,780,11.0,70,12
20170625,172,895,11.0,75,14
20170625,173,1360,12.0,110,15
20170625,174,1745,12.0,140,15
20170625,175,2525,13.0,190,20
20170625,176,49680,57.0,870,757
20170625,177,2800,12.0,225,16
20170625,178,4010,13.0,305,17
20170625,179,1325,12.0,105,15
20170625,180,455,11.0,40,12
20170625,181,130,13.0,10,15
20170625,182,1080,12.0,90,14
20170625,183,890,11.0,75,14
20170625,184,2120,12.0,170,18
20170625,185,950,12.0,75,17
20170625,186,42985,66.0,645,631
20170625,187,1800,13.0,135,17
20170625,188,1965,12.0,155,17
20170625,189,2235,13.0,170,16
20170625,190,1480,11.0,125,14
20170625,191,1770,12.0,145,15
20170625,192,745,11.0,65,13
20170625,193,1550,11.0,130,14
20170625,194,2145,12.0,170,16
20170625,195,2105,12.0,165,16
20170625,196,49675,57.0,860,767
20170625,197,715,11.0,60,13
20170625,198,2275,14.0,155,20
20170625,199,1080,12.0,90,15
